Sobol First order indexes
                    	             min2011	             min2012	             min2013	             min2014	             min2015	             min2016	             min2017	             min2018	             min2019	             min2020	
                 p47	          -3.36e-005	            -0.00172	            0.000568	            -0.00175	           -0.000498	           -0.000748	           4.82e-005	          -9.51e-005	           -0.000224	            0.000124	
                 p72	            0.001197	            0.001594	            0.002782	            0.000785	           -0.000189	           -0.000227	            -0.00265	            0.000681	           -0.000483	            0.001210	
                 p74	            0.001372	            0.000209	            0.006856	            0.021594	           -0.000358	            -0.00141	            -0.00138	            0.000427	            0.010002	           -0.000812	
                 p77	            0.042791	            0.038702	            0.074957	            0.082522	            0.045620	            0.027020	            0.030789	            0.026547	            0.046753	            0.028756	
                 p83	            0.012387	            0.006662	            0.011822	            0.006262	            0.011994	            0.012926	            0.003580	            0.012244	            0.016391	            0.010420	
                 p84	            -0.00089	           -0.000426	           -0.000127	            0.004937	            -0.00463	            -0.00205	            -0.00472	            -0.00298	           -0.000416	           -0.000754	
                 p86	            0.005194	           -0.000576	            0.004277	            0.002923	            0.005462	            0.000685	            0.008851	            0.004925	            0.001132	            -0.00244	
                 p89	             -0.0212	             -0.0107	             -0.0242	             -0.0168	             -0.0179	              -0.012	             -0.0105	             -0.0117	             -0.0221	             -0.0136	
                 p90	            0.017476	            0.020059	            0.005176	            0.005117	            0.014185	            0.018330	            0.013456	           -0.000457	            -0.00135	           -0.000391	
                 p92	            0.055991	           -0.000139	            0.101533	            0.073856	            0.039086	            0.006527	            0.052506	            0.027100	            0.111337	            0.031465	
                 p94	            0.026525	            0.029610	            0.023248	            0.008964	            0.027999	            0.045083	            0.018859	            0.022989	            0.021884	            0.026554	
                 p95	            0.201484	            0.157989	            0.164550	            0.093508	            0.186141	            0.151968	            0.145189	            0.163667	            0.127195	            0.126392	
                 p98	          -5.76e-005	           -0.000452	            -0.00155	           -0.000789	           -0.000783	            0.000385	           2.01e-006	            0.000217	           -0.000575	           8.99e-005	
                p100	            0.000747	           -0.000252	            0.000809	            0.000109	            0.000618	           -0.000318	            0.000301	             0.00023	            0.000395	            0.000778	
                p101	            0.001359	            0.001342	            0.000992	            0.000662	            0.001916	            0.001682	            0.000825	            0.001312	            0.001597	            0.000599	
                p102	            0.003952	            0.004751	            0.003246	            0.002288	            0.003017	            0.002608	            -0.00264	            0.000416	           -0.000515	            0.001438	
                p104	            0.004882	            0.001322	            0.006664	            0.006746	            0.003232	            0.001457	            0.004444	            0.002824	            0.005420	            0.002896	
                p106	            0.003337	            0.003304	            0.002435	            -0.00142	            0.001255	            -0.00124	            -0.00241	            0.002135	            0.002352	            0.003483	
                p107	            0.015662	            0.017299	            0.016245	            0.008281	            0.017622	            0.010921	            0.008943	            0.015600	            0.014833	            0.013460	
                p110	             -0.0058	            0.000713	            -0.00902	            -0.00826	            -0.00549	            -0.00141	            -0.00564	            -0.00298	            -0.00902	            -0.00175	
                p112	           -4.5e-005	            0.000218	            0.001192	            0.001219	            0.000438	            0.003691	            -0.00191	            0.002299	            0.002492	            0.000913	
                p113	             -0.0114	           3.06e-005	             -0.0114	            0.017015	             -0.0123	             -0.0101	             -0.0125	            -0.00526	            -0.00877	            -0.00909	
                p114	            0.004026	            -0.00185	            0.003936	            0.024725	            -0.00464	            -0.00586	             -0.0046	            -0.00438	            -0.00232	            -0.00314	
                p116	            0.015599	            -0.00466	            0.032340	            0.039852	            0.004942	            0.000848	            0.004084	            -0.00233	            0.029905	            0.006002	
                p118	            0.013036	            0.011785	            0.007135	            0.031140	            0.003353	            0.002115	            -0.00363	            0.001331	            0.004783	            0.005392	
                p119	            0.042772	            0.031485	            0.041938	            0.022540	            0.040695	            0.032059	            0.019349	            0.045179	            0.020492	            0.028412	
                p157	            -0.00545	            -0.00107	            -0.00582	            0.015385	             -0.0071	            -0.00994	             -0.0133	            -0.00858	            -0.00605	            -0.00601	
                p160	            -0.00506	            0.000279	            -0.00565	            0.016537	             -0.0057	            -0.00631	             -0.0107	            -0.00653	            -0.00609	            -0.00412	
                p163	            -0.00474	            0.000964	            -0.00598	            0.025893	            -0.00415	           -0.000789	            -0.00973	            -0.00753	            -0.00254	            -0.00501	
                p166	            -0.00544	            -0.00401	            -0.00632	            0.012928	            -0.00694	             -0.0106	             -0.0138	            -0.00803	            -0.00636	            -0.00575	
                p172	            -0.00619	            0.006992	              -0.007	            0.028950	            -0.00477	           4.27e-005	             -0.0131	            -0.00728	            -0.00531	            -0.00138	
                p173	            -0.00413	            0.001325	             -0.0052	            0.020257	            -0.00531	            -0.00552	             -0.0103	            -0.00627	            -0.00433	            -0.00189	
                p175	            -0.00562	          -6.15e-005	            -0.00615	            0.018034	            -0.00694	            -0.00581	             -0.0114	            -0.00643	            -0.00643	           -0.000945	
                p178	            -0.00424	            0.005496	            -0.00755	            0.019031	            -0.00336	            0.003916	            -0.00908	            -0.00181	            -0.00627	            0.002816	
                p179	             -0.0048	            0.000809	            -0.00551	            0.018654	             -0.0056	            -0.00571	             -0.0103	            -0.00645	            -0.00505	            -0.00383	
                p181	            0.007305	            0.026947	            0.002914	            0.017291	            0.008308	            0.029047	            0.004304	            0.005942	           -0.000148	            0.038274	
                p182	             -0.0045	             0.00011	            -0.00613	            0.018288	            -0.00626	            -0.00624	             -0.0103	             -0.0064	            -0.00466	            -0.00217	
                p184	            -0.00561	            -0.00154	              -0.006	            0.016996	             -0.0071	            -0.00886	             -0.0138	            -0.00791	            -0.00599	            -0.00664	
                p187	          -8.29e-005	            0.005194	           -0.000607	            0.022093	           -0.000892	            0.000195	            -0.00597	            0.000521	            0.002469	            0.007418	
                p190	            -0.00777	            -0.00207	            -0.00805	            0.009922	            -0.00817	             -0.0101	             -0.0113	             -0.0088	            -0.00856	            -0.00932	
                p191	             -0.0048	            0.000472	            -0.00565	            0.018640	            -0.00563	            -0.00584	             -0.0105	            -0.00657	            -0.00525	            -0.00386	
                p193	            0.004755	           -0.000671	            0.009614	            0.026143	            0.001675	            0.011948	            0.017720	            0.008034	            0.010902	            0.028465	
                p194	            -0.00371	            0.001756	             -0.0043	            0.019558	            -0.00494	            -0.00535	             -0.0104	            -0.00637	            -0.00365	            -0.00182	
                p213	            -0.00613	            -0.00607	            -0.00374	            0.030017	            -0.00767	             -0.0145	             -0.0143	            -0.00662	            -0.00283	            -0.00306	
                p214	           -0.000201	            0.008624	            -0.00404	            0.031502	            -0.00219	            -0.00283	             -0.0089	            0.000844	           8.59e-005	            0.000976	
                p215	            0.032969	            0.076748	            0.011819	            0.102801	            0.019848	            0.022718	            0.009383	            0.027745	            0.029809	            0.027839	
                p216	            0.399565	            0.402328	            0.402265	            0.418254	            0.420620	            0.381743	            0.385784	            0.379853	            0.387026	            0.371620	
                p218	            0.400129	            0.460377	            0.394280	            0.454049	            0.438100	            0.413685	            0.396450	            0.388201	            0.369710	            0.371853	
                p219	            0.386931	            0.370832	            0.395214	            0.398115	            0.401403	            0.369941	            0.375460	            0.358048	            0.371514	            0.362654	
                p220	            0.395527	            0.372620	            0.400916	            0.408269	            0.406793	            0.380783	            0.384184	            0.361057	            0.380226	            0.374892	
                p221	            0.477892	            0.447783	            0.470961	            0.430264	            0.488088	            0.457616	            0.472810	            0.424668	            0.417684	            0.423315	
                p222	            0.388864	            0.371739	            0.396536	            0.400788	            0.404901	            0.371671	            0.380839	            0.360357	            0.374201	            0.364793	
                p223	            0.394170	            0.378916	            0.399448	            0.404733	            0.412665	            0.380458	            0.384457	            0.368601	            0.376036	            0.371180	
                p224	            0.389762	            0.374789	            0.398283	            0.402399	            0.411824	            0.375071	            0.393008	            0.369438	            0.376092	            0.368293	
                p225	            0.394125	            0.364697	            0.386964	            0.397878	            0.415822	            0.385828	            0.390761	            0.379451	            0.376265	            0.363421	

Sobol total order Indexes
                    	             min2011	             min2012	             min2013	             min2014	             min2015	             min2016	             min2017	             min2018	             min2019	             min2020	
                 p47	            0.000499	            -0.00109	            0.001187	           -0.000634	           -0.000331	            -0.00128	          -3.25e-005	           2.87e-005	           -0.000132	             0.00058	
                 p72	            0.000465	            0.001575	            0.000275	            0.003613	            0.010695	            0.015055	            0.014477	            0.013676	            0.002354	            0.004938	
                 p74	            0.003092	            -0.00181	            0.014223	            0.060188	            0.004832	            0.007946	            0.002301	            0.000979	            0.030035	            0.004166	
                 p77	            0.050664	            0.044903	            0.095234	            0.103709	            0.057936	            0.044759	            0.047771	            0.039147	            0.078439	            0.065408	
                 p83	            0.010319	            0.003865	            0.008269	            0.007203	            0.009131	            0.011381	            0.005118	            0.005902	            0.012671	            0.009498	
                 p84	            0.002419	            -0.00628	            0.003239	            0.002319	            0.002556	            0.004233	            0.005676	            0.001010	            0.004083	            0.000775	
                 p86	            0.011732	            0.002058	            0.021738	            0.014318	            0.007265	            0.001067	            0.011872	            0.005934	            0.026023	            0.007734	
                 p89	            -0.00401	            -0.00612	           -0.000975	            -0.00564	           -0.000759	            0.004320	             -0.0011	            0.001485	            0.002088	            0.000228	
                 p90	            0.014313	            0.026039	            0.009296	            0.015758	            0.017221	            0.025647	            0.020972	            0.010696	            -0.00121	            -0.00327	
                 p92	            0.083658	            0.006077	            0.165316	            0.128886	            0.065535	            0.014581	            0.090250	            0.035115	            0.185071	            0.050228	
                 p94	            0.046118	            0.054149	            0.046306	            0.030505	            0.049593	            0.068090	            0.055589	            0.042156	            0.030848	            0.033229	
                 p95	            0.306911	            0.238437	            0.285043	            0.179863	            0.284268	            0.257770	            0.246554	            0.253097	            0.245969	            0.282131	
                 p98	            0.000259	           -0.000302	           -0.000503	            0.001947	            0.000259	           6.64e-005	            0.000881	            7.5e-005	            0.000236	           -0.000893	
                p100	            0.002190	            0.002582	            0.002428	            0.002337	            0.002141	            0.001476	            0.001990	            0.001639	            0.002144	            0.002407	
                p101	            0.003224	            0.003523	            0.002182	            0.001152	            0.003040	            0.002823	            0.003262	            0.003279	            0.001783	            0.001376	
                p102	            0.001984	            0.002370	            0.001026	            0.000119	            0.003141	            0.002286	            0.004923	            0.004705	            0.003792	            0.001430	
                p104	           8.85e-005	            0.001348	            0.005366	            0.007213	            0.001125	           -0.000163	            0.002716	            -0.00115	            0.003626	            -0.00168	
                p106	            -0.00256	            0.002884	           -0.000596	            0.003519	            0.001922	            0.001656	            0.002544	            0.002726	            0.001871	            0.000283	
                p107	            0.017881	            0.012689	            0.018329	            0.017142	            0.017684	            0.014063	            0.011153	            0.017336	            0.018252	            0.018563	
                p110	            0.000674	            0.000145	             0.00085	            0.000893	           -0.000261	            0.001256	             -0.0039	            -0.00202	            0.005978	            0.000137	
                p112	            0.001658	            0.007373	           -0.000997	            0.000543	            0.001423	            0.002973	            0.004570	            0.003429	           4.07e-005	            0.001236	
                p113	            0.010742	            0.011812	            0.014000	            0.013541	            0.014790	            0.018078	            0.020915	            0.017828	            0.023115	            0.027824	
                p114	            0.016837	            0.021410	            0.021259	            0.017130	            0.020901	            0.015493	            0.035494	            0.017275	            0.019556	            0.022797	
                p116	            0.022427	            0.016829	            0.045086	            0.030538	            0.018405	            0.013756	            0.029634	            0.012073	            0.040364	            0.026223	
                p118	            0.046479	            0.039120	            0.038980	            0.030121	            0.035087	            0.031774	            0.042592	            0.034224	            0.035339	            0.045080	
                p119	            0.084537	            0.084074	            0.103928	            0.031800	            0.085641	            0.072583	            0.080375	            0.088571	            0.082830	            0.102110	
                p157	            0.007432	            0.007132	            0.009829	            0.005139	            0.011994	            0.004844	            0.017337	            0.006331	            0.011267	            0.016242	
                p160	            0.007968	            0.006928	            0.010275	            0.006868	            0.013200	            0.008204	            0.018815	            0.007601	            0.011764	            0.017290	
                p163	            0.009290	            0.010891	            0.010536	            0.015061	            0.013467	            0.008734	            0.018172	            0.008308	            0.012758	            0.018206	
                p166	            0.007082	            0.003763	            0.009653	            0.013215	            0.009533	            0.002564	            0.014132	            0.005947	            0.010293	            0.016307	
                p172	            0.011579	            0.015926	            0.014785	            0.024084	            0.017668	            0.016896	            0.026485	            0.013814	            0.020144	            0.039142	
                p173	            0.007979	            0.007627	            0.009929	            0.007962	            0.013104	            0.008084	            0.018415	            0.007571	            0.011578	            0.017989	
                p175	            0.007856	            0.005793	            0.010530	            0.002209	            0.011790	            0.007075	            0.019860	            0.006917	            0.011087	            0.019311	
                p178	            0.010159	            0.008512	            0.012393	            0.008769	            0.017100	            0.013283	            0.019633	            0.012220	            0.012798	            0.021560	
                p179	            0.007918	            0.007473	            0.010438	            0.007566	            0.013002	            0.008047	            0.018361	            0.007225	            0.012085	            0.018149	
                p181	            0.042975	            0.052114	            0.052666	            0.046387	            0.049873	            0.083662	            0.062983	            0.045880	            0.058171	            0.146309	
                p182	            0.008986	            0.007592	            0.012219	            0.007927	            0.013063	            0.008665	            0.018217	            0.007623	            0.013762	            0.021575	
                p184	            0.007774	            0.006266	            0.010309	            0.006297	            0.012275	            0.006436	            0.016652	            0.006238	            0.010915	            0.014769	
                p187	            0.012728	            0.015681	            0.013693	            0.017885	            0.017698	            0.018165	            0.024191	            0.012294	            0.016410	            0.027335	
                p190	            0.006130	            0.004666	            0.009081	            0.002606	            0.011071	            0.006101	            0.016368	            0.002387	            0.009813	            0.015142	
                p191	            0.007510	            0.006725	            0.009977	            0.006888	            0.012561	            0.007767	            0.018225	            0.007248	            0.011547	            0.016907	
                p193	            0.026721	            0.022972	            0.036973	            0.026440	            0.030939	            0.036058	            0.054491	            0.027387	            0.037547	            0.078321	
                p194	            0.008388	            0.008052	            0.010925	            0.007213	            0.012818	            0.008025	            0.018253	            0.007220	            0.012641	            0.018766	
                p213	            0.013825	            0.009550	            0.016065	            0.041011	            0.015656	            0.005363	            0.018148	            0.019832	            0.023813	            0.024623	
                p214	            0.011539	            0.016400	            0.011361	            0.032576	            0.014731	            0.014041	            0.020391	            0.014617	            0.015642	            0.021221	
                p215	            0.040579	            0.084785	            0.018786	            0.080888	            0.026066	            0.022422	            0.025888	            0.029987	            0.030962	            0.038207	
                p216	          -5.31e-005	            0.005652	            0.000809	            0.013600	            0.000642	             -0.0002	            0.000595	            -0.00065	            0.001968	            0.002036	
                p218	           4.75e-005	            0.016403	            0.015498	            0.023511	            0.003712	            0.005279	            0.004876	            0.002636	             -0.0016	            0.012053	
                p219	            0.002417	            0.003289	            0.002517	            0.005789	            0.003554	            0.004137	            0.005690	            0.004602	            0.005992	            0.004749	
                p220	            0.031999	            0.035709	            0.022703	            0.038388	            0.038892	            0.035848	            0.042213	            0.032248	            0.028919	            0.022293	
                p221	            0.137048	            0.114935	            0.105844	            0.090996	            0.142759	            0.144718	            0.135570	            0.125964	            0.101321	            0.109050	
                p222	            -0.00016	            0.001818	            -0.00131	            0.003705	            0.001021	            0.002397	            0.000127	            0.000643	            0.001212	            0.001973	
                p223	            0.001959	            -0.00222	            0.000632	            -0.00204	            0.001360	             -0.0016	           -0.000347	            0.001131	           -0.000196	             -0.0018	
                p224	             -0.0028	            -0.00322	            -0.00139	            -0.00914	            -0.00401	            -0.00557	            -0.00595	             -0.0027	            -0.00217	            -0.00462	
                p225	             -0.0349	             -0.0236	              -0.031	             -0.0292	             -0.0409	             -0.0393	             -0.0397	             -0.0373	             -0.0241	             -0.0188	
