Sobol First order indexes
                    	             avg2011	             avg2012	             avg2013	             avg2014	             avg2015	             avg2016	             avg2017	             avg2018	             avg2019	             avg2020	
                 p47	           -0.000677	            -0.00156	            0.000555	           -0.000954	           -0.000931	           -0.000552	            -0.00155	           -0.000902	           6.47e-005	           -0.000924	
                 p72	           9.49e-006	           -0.000244	            0.002377	            -0.00147	            -0.00103	            -0.00171	            -0.00234	            -0.00485	            -0.00335	            -0.00273	
                 p74	           -0.000863	            0.001004	           -0.000315	           -0.000913	            0.001918	           -0.000273	            0.001069	           -0.000512	            -0.00214	            -0.00067	
                 p77	            0.033138	            0.029342	            0.079798	            0.016055	            0.061592	            0.018077	            0.041439	            0.038988	            0.038152	            0.016501	
                 p83	            0.005649	            0.002314	            0.008220	            0.000108	            0.000762	            -0.00107	            -0.00077	           -0.000102	            0.004848	            0.002121	
                 p84	            0.003425	            0.003305	          -3.18e-006	            0.003511	            0.001353	            0.002896	            0.001814	            0.002751	            0.000358	            0.001316	
                 p86	            -0.00188	          -3.77e-005	           4.74e-005	             0.00026	            0.001328	            0.000989	             0.00059	           -0.000641	            -0.00302	             -0.0041	
                 p89	             -0.0101	            -0.00443	             -0.0157	            -0.00299	             -0.0122	            -0.00222	            -0.00758	            -0.00722	             -0.0111	            -0.00649	
                 p90	            0.006833	            0.004622	            0.011918	           -0.000604	            0.014379	            0.004363	            0.017800	            0.019660	            0.009530	            0.002568	
                 p92	            0.014561	            0.000998	            0.012411	            0.002759	            0.002122	            0.002592	            0.000372	            0.000243	            0.024565	            0.008388	
                 p94	            0.014997	            0.008991	            0.027960	            0.004900	            0.022525	            0.007879	            0.023135	            0.022142	            0.018590	            0.013363	
                 p95	            0.060487	            0.021042	            0.123639	            0.001704	            0.067994	            0.004038	            0.053536	            0.017503	            0.040045	            0.000265	
                 p98	           -0.000212	          -8.67e-005	           -0.000152	           8.95e-006	           -0.000228	           7.84e-006	           -0.000333	          -5.21e-005	           5.82e-005	           8.69e-005	
                p100	           -0.000591	           -0.000618	           -0.000446	           -0.000501	           -0.000995	           -0.000619	            -0.00084	           -0.000956	           -0.000618	           -0.000721	
                p101	            0.001428	            0.000813	            0.002541	            0.000538	            0.001631	            0.000692	            0.001631	            0.001725	            0.002028	            0.000942	
                p102	            0.002109	            0.000887	            0.002328	            0.000154	            0.001039	            0.000198	            0.002344	            0.002813	            0.003514	            0.003607	
                p104	            0.001434	           -0.000783	            0.002170	           -0.000426	           -0.000205	           -0.000753	            0.000737	          -7.66e-005	            0.002187	           -0.000617	
                p106	           -0.000457	            0.000148	            0.001821	           -0.000954	            0.000811	           -0.000229	            0.000497	            0.000781	            0.001428	          -9.24e-005	
                p107	            0.014156	            0.010571	            0.020965	            0.006189	            0.016165	            0.005746	            0.013180	            0.009851	            0.014073	            0.008741	
                p110	            -0.00228	            0.000533	            -0.00195	           -0.000104	            0.000446	            0.002259	            0.000931	           -0.000765	            -0.00439	            -0.00145	
                p112	            0.001689	            0.003259	            0.002039	            0.002587	            0.004123	            0.003522	            0.002407	            0.000817	            0.000625	             0.00095	
                p113	            0.002324	            0.005922	            -0.00107	            0.009814	            0.008172	            0.010414	            0.003091	            0.003827	            -0.00485	            0.001309	
                p114	            0.010100	            0.016204	            0.016710	            0.012203	            0.020957	            0.018225	            0.019854	            0.019189	            0.010102	            0.010222	
                p116	            0.015013	            0.011270	            0.014177	            0.008876	            0.016152	            0.014949	            0.018242	            0.013863	            0.008729	            0.002718	
                p118	            0.013477	            0.012909	            0.020991	            0.006033	            0.017941	            0.012168	            0.014774	            0.012270	            0.005896	            0.001250	
                p119	            0.025411	            0.020703	            0.064168	            0.009735	            0.045812	            0.018771	            0.040859	            0.028899	            0.027955	            0.008409	
                p157	            0.002201	            0.006021	            0.004774	            0.004414	            0.010398	            0.010504	            0.009180	            0.007574	            -0.00191	            -0.00311	
                p160	            0.007536	            0.014484	            0.006634	            0.014612	            0.016758	            0.017653	            0.018686	            0.016386	            0.001946	            0.006833	
                p163	            0.012394	            0.020206	            0.008236	            0.021449	            0.019331	            0.021977	            0.021286	            0.018653	            0.007258	            0.010814	
                p166	            0.003363	            0.008484	            0.003712	            0.009525	            0.010926	            0.013315	            0.010889	            0.009917	            -0.00108	            0.001795	
                p172	            0.015394	            0.025522	            0.010660	            0.033179	            0.023572	            0.029578	            0.027426	            0.026812	            0.006331	            0.022270	
                p173	            0.007122	            0.012453	            0.007429	            0.011465	            0.015178	            0.015328	            0.014829	            0.014670	            0.002589	            0.005459	
                p175	            0.005350	            0.008996	            0.006511	            0.008524	            0.013798	            0.013790	            0.014742	            0.012119	            0.002456	            0.003661	
                p178	            0.008344	            0.014117	            0.010843	            0.011581	            0.017123	            0.015138	            0.017749	            0.016673	            0.006440	            0.007737	
                p179	            0.006077	            0.010742	            0.006747	            0.010703	            0.014795	            0.014981	            0.014736	            0.013082	            0.001888	            0.004194	
                p181	            0.029956	            0.038361	            0.042870	            0.035319	            0.056363	            0.052618	            0.066237	            0.060665	            0.038721	            0.037315	
                p182	            0.006854	            0.010020	            0.007601	            0.009794	            0.014901	            0.014690	            0.014794	            0.013411	            0.003071	            0.002814	
                p184	            0.005729	            0.009640	            0.005657	            0.009674	            0.013166	            0.013645	            0.012669	            0.011242	            0.000589	            0.002225	
                p187	            0.010631	            0.014912	            0.014115	            0.013200	            0.019931	            0.018366	            0.020091	            0.018731	            0.010220	            0.008754	
                p190	            0.001402	            0.006253	            0.001620	            0.005653	            0.010124	            0.009785	            0.008552	            0.009008	            -0.00337	            -0.00382	
                p191	            0.006087	            0.010598	            0.006891	            0.010314	            0.014757	            0.014841	            0.014495	            0.012696	            0.001499	            0.003547	
                p193	            0.010520	            0.013038	            0.024585	            0.012078	            0.022312	            0.019774	            0.022015	            0.019168	            0.015833	            0.013174	
                p194	            0.007495	            0.011255	            0.008276	            0.010699	            0.015246	            0.015089	            0.014862	            0.013301	            0.003087	            0.004269	
                p213	            -0.00187	            -0.00035	            0.003618	            -0.00387	            0.007495	            0.006036	            0.005294	            0.001541	            -0.00416	            -0.00983	
                p214	            0.011131	            0.015790	            0.009031	            0.017147	            0.018660	            0.019753	            0.020503	            0.018726	            0.008002	            0.012763	
                p215	            0.028265	            0.017133	            0.023076	            0.016573	            0.024118	            0.018818	            0.028516	            0.019847	            0.026709	            0.022798	
                p216	            0.284693	            0.291449	            0.350954	            0.273620	            0.337949	            0.290455	            0.344561	            0.319528	            0.289793	            0.268980	
                p218	            0.351224	            0.376984	            0.397369	            0.372785	            0.408944	            0.350344	            0.430138	            0.400256	            0.356941	            0.367501	
                p219	            0.300447	            0.312476	            0.356108	            0.301008	            0.351728	            0.312614	            0.360980	            0.338905	            0.301738	            0.292883	
                p220	            0.309873	            0.328039	            0.364932	            0.317498	            0.362965	            0.323265	            0.369407	            0.351498	            0.312486	            0.301688	
                p221	            0.318801	            0.347716	            0.370353	            0.365114	            0.366489	            0.371571	            0.392665	            0.366102	            0.315137	            0.343738	
                p222	            0.300675	            0.311648	            0.356132	            0.298489	            0.351462	            0.311669	            0.359598	            0.338226	            0.303032	            0.292483	
                p223	            0.305364	            0.317738	            0.358559	            0.305480	            0.356034	            0.318529	            0.364571	            0.344280	            0.307665	            0.299138	
                p224	            0.301143	            0.313344	            0.357806	            0.300872	            0.352774	            0.317067	            0.358353	            0.337299	            0.302323	            0.293878	
                p225	            0.374799	            0.398203	            0.407256	            0.371517	            0.415739	            0.398060	            0.418744	            0.415199	            0.363689	            0.356582	

Sobol total order Indexes
                    	             avg2011	             avg2012	             avg2013	             avg2014	             avg2015	             avg2016	             avg2017	             avg2018	             avg2019	             avg2020	
                 p47	             -0.0011	            -0.00207	            0.000174	            -0.00127	            -0.00161	           -0.000927	            -0.00201	            -0.00151	            -0.00027	             -0.0012	
                 p72	           -0.000181	           -0.000213	            0.003240	            0.001309	            0.009310	            0.002952	            0.009464	            0.008631	            0.008719	            0.002694	
                 p74	            0.006645	             -0.0002	            -0.00174	            0.001383	            -0.00493	            0.001989	            -0.00362	            0.000687	            0.008761	            0.011487	
                 p77	            0.051115	            0.043027	            0.101136	            0.025736	            0.083595	            0.030690	            0.055673	            0.054560	            0.062370	            0.034032	
                 p83	            0.005817	            0.003176	            0.008197	            0.001988	            0.006246	            0.002184	            0.003492	            0.001806	            0.005722	            0.002760	
                 p84	            -0.00188	           -0.000885	            -0.00258	           -0.000342	            -0.00511	           -0.000853	            -0.00597	            -0.00297	            -0.00216	            -0.00276	
                 p86	            -0.00133	            0.000561	            0.002791	            0.000172	            0.001556	            0.001246	            0.000863	           -0.000522	            0.000876	            -0.00251	
                 p89	             -0.0233	             -0.0169	             -0.0275	             -0.0125	             -0.0284	             -0.0136	             -0.0234	             -0.0204	             -0.0224	             -0.0172	
                 p90	            0.016110	            0.018451	            0.024086	            0.007832	            0.034514	            0.019580	            0.037835	            0.035074	            0.013613	            0.010797	
                 p92	            0.022653	           4.52e-005	            0.024359	            0.001302	            0.001081	            0.003500	            0.005847	            0.004295	            0.038666	            0.010518	
                 p94	            0.039181	            0.037515	            0.064421	            0.014367	            0.058690	            0.025895	            0.058289	            0.041523	            0.029161	            0.012579	
                 p95	            0.143668	            0.091483	            0.243416	            0.042493	            0.174508	            0.061885	            0.157764	            0.105859	            0.140783	            0.067984	
                 p98	            0.000154	          -4.47e-005	            0.000129	              0.0003	           -0.000129	            0.000114	            -0.00011	           -0.000119	           7.28e-006	            0.000162	
                p100	            0.000934	            0.000207	            0.001531	          -3.97e-005	            0.000163	           -0.000255	            0.000187	            0.000253	            0.000998	            0.000101	
                p101	            0.000365	           -0.000115	            0.001989	           -0.000434	             0.00035	           -0.000417	            0.000689	            0.000236	            0.000219	           -0.000429	
                p102	            0.001304	            0.000226	            0.002211	            0.000106	            0.002773	            0.000714	            0.002212	            0.001819	            0.002631	            5.2e-005	
                p104	            0.002683	           9.49e-005	            0.001460	            0.000227	            0.000984	            0.000105	           9.15e-005	           4.02e-005	            0.001495	            0.000872	
                p106	           -0.000531	            -0.00217	            -0.00153	            0.000133	            0.000102	           -0.000224	              0.0004	           -0.000615	           -0.000878	            -0.00046	
                p107	            0.008754	            0.004563	            0.014271	            0.002677	            0.009674	            0.004085	            0.006992	            0.005013	            0.009491	            0.004893	
                p110	            0.000639	            0.000352	           -0.000631	          -3.93e-005	           -0.000567	           -0.000228	           -0.000472	           -0.000703	            0.001084	            0.001088	
                p112	            0.003315	            0.004386	            0.001498	            0.002584	            0.002727	            0.002475	            0.004284	            0.003287	            0.001260	            0.002438	
                p113	            0.002322	            0.000228	            -0.00232	           -0.000602	            -0.00127	            -0.00136	           -0.000431	             -0.0023	            0.004123	            0.002535	
                p114	            0.006905	            0.006155	            0.014094	           -0.000403	            0.012717	            0.002874	            0.020086	            0.017076	            0.016441	            0.006950	
                p116	            0.010414	            -0.00414	            0.002992	              -0.001	            -0.00119	            -0.00288	            -0.00069	            -0.00509	            0.002730	           -0.000234	
                p118	            0.008933	            -0.00342	            0.016669	            -0.00674	            0.000152	            -0.00748	            0.005095	            0.001168	            0.011752	            8.6e-005	
                p119	            0.030956	            0.013025	            0.076029	            0.002205	            0.042771	            0.007816	            0.034750	            0.025656	            0.045708	            0.015751	
                p157	             -0.0048	            -0.00875	            -0.00349	            -0.00926	            -0.00674	            -0.00835	            -0.00812	             -0.0106	            -0.00218	            -0.00815	
                p160	           -0.000899	            -0.00266	             -0.0016	            -0.00189	            -0.00111	            -0.00316	           -0.000541	            -0.00412	           1.48e-005	            -0.00121	
                p163	            0.003806	            0.004027	           -0.000141	            0.006836	            0.001401	            0.002429	            0.002386	            -0.00133	            0.002512	            0.002910	
                p166	            -0.00373	            -0.00688	            -0.00428	            -0.00474	            -0.00607	            -0.00579	            -0.00674	             -0.0089	            -0.00225	            -0.00438	
                p172	            0.007781	            0.005477	            0.003476	            0.014692	            0.005568	            0.008480	            0.007783	            0.007233	            0.007437	            0.014905	
                p173	           -0.000129	             -0.0034	            -0.00153	            -0.00326	             -0.0028	            -0.00454	            -0.00385	            -0.00537	             0.00013	            -0.00114	
                p175	            -0.00274	            -0.00626	            -0.00146	            -0.00599	            -0.00215	            -0.00526	             -0.0045	            -0.00764	             -0.0014	            -0.00491	
                p178	           -0.000376	            -0.00366	            0.002646	            -0.00397	            0.003356	           -0.000438	            0.001030	            -0.00246	            0.002033	            -0.00165	
                p179	            -0.00109	              -0.005	            -0.00151	            -0.00431	            -0.00277	            -0.00483	            -0.00384	            -0.00664	           -0.000338	             -0.0028	
                p181	            0.039377	            0.034508	            0.068426	            0.031385	            0.064062	            0.045663	            0.067248	            0.057308	            0.063557	            0.054369	
                p182	             0.00047	            -0.00421	           6.43e-005	            -0.00354	            -0.00258	            -0.00445	            -0.00358	            -0.00578	            0.001871	           -0.000612	
                p184	            -0.00235	            -0.00629	            -0.00348	            -0.00558	            -0.00508	             -0.0061	            -0.00624	            -0.00857	            -0.00235	            -0.00424	
                p187	            0.002537	            -0.00244	            0.003644	            -0.00168	            0.002122	            -0.00163	            0.001309	            -0.00267	            0.002751	            0.001259	
                p190	            -0.00575	            -0.00929	            -0.00779	            -0.00992	            -0.00989	             -0.0105	             -0.0114	             -0.0125	            -0.00685	             -0.0098	
                p191	            -0.00143	            -0.00544	            -0.00208	            -0.00452	            -0.00316	              -0.005	            -0.00399	            -0.00682	           -0.000538	             -0.0031	
                p193	            0.010244	            0.007052	            0.027567	            0.001809	            0.014675	            0.006200	            0.018565	            0.014239	            0.022003	            0.011461	
                p194	          -3.35e-005	             -0.0049	              -0.001	            -0.00425	            -0.00281	            -0.00481	            -0.00386	            -0.00614	            0.001021	            -0.00199	
                p213	            -0.00929	             -0.0155	            -0.00661	             -0.0175	             -0.0114	              -0.013	             -0.0129	             -0.0172	             -0.0064	             -0.0159	
                p214	            0.002746	            -0.00145	            0.000919	            0.000621	             0.00091	            -0.00118	            0.001257	            -0.00184	            0.006373	            0.004778	
                p215	            0.012507	            -0.00477	            0.005374	             -0.0033	           -0.000337	            -0.00357	            0.003406	            -0.00356	            0.016540	            0.007962	
                p216	            0.001789	            0.005191	            0.000542	            0.007074	            0.003131	            0.006852	            0.003420	            0.004936	            0.002014	            0.005509	
                p218	            0.030644	            0.074928	            0.007703	            0.087757	            0.038178	            0.051222	            0.044520	            0.055501	            0.014297	            0.052921	
                p219	            0.005313	            0.005472	            0.004172	            0.005203	            0.004134	            0.005455	            0.002866	            0.003512	            0.003638	            0.002983	
                p220	            -0.00141	            0.000425	            0.010301	            0.003154	           9.77e-005	            0.004104	           -0.000584	           -0.000295	            0.003643	            -0.00106	
                p221	            0.130440	            0.143337	            0.085037	            0.159070	            0.113122	            0.182143	            0.108061	            0.126311	            0.104751	            0.136240	
                p222	            -0.00275	            -0.00591	            -0.00034	            -0.00677	            -0.00285	            -0.00438	            -0.00365	            -0.00442	            -0.00133	            -0.00427	
                p223	            0.000398	            0.001122	            -0.00331	            0.002382	            -0.00156	            0.003356	           -0.000645	            0.002429	            0.000514	            0.003780	
                p224	           -0.000932	            0.000525	            -0.00338	           -0.000836	           -0.000737	             0.00042	            -0.00107	            -0.00208	            -0.00231	            0.002955	
                p225	             -0.0105	            -0.00488	            -0.00322	             -0.0191	            0.006078	              -0.018	            0.005288	            0.005602	            -0.00461	             -0.0123	
