Sobol First order indexes
                    	             max2011	             max2012	             max2013	             max2014	             max2015	             max2016	             max2017	             max2018	             max2019	             max2020	
                 p47	           5.01e-005	           1.86e-005	             0.00035	           9.97e-006	           4.63e-005	           6.86e-005	           9.38e-005	           4.53e-005	           6.25e-005	           2.01e-005	
                 p72	          -2.99e-005	          -2.31e-005	           -0.000134	           -3.1e-007	           -0.000346	           -0.000376	           -0.000423	           -0.000544	           -0.000305	          -9.88e-005	
                 p74	           -0.000177	           -3.7e-005	            0.000412	           -0.000254	           -6.7e-005	          -1.56e-005	          -1.11e-005	          -4.18e-005	           -0.000335	            0.000336	
                 p77	             0.00052	           4.36e-005	            0.004436	            0.000565	            0.001089	           -0.000968	            0.002801	            0.000806	           9.84e-005	            0.000572	
                 p83	          -7.97e-005	          -3.93e-005	            -0.00021	          -6.67e-005	           -0.000133	           9.11e-006	          -7.62e-005	           6.99e-006	            0.000251	           -2.7e-005	
                 p84	            0.000129	          -1.38e-005	            0.000458	           3.21e-005	            0.000283	          -4.96e-005	            0.000375	             0.00018	            0.000619	           9.29e-005	
                 p86	           -0.000121	          -8.28e-005	            0.000599	          -4.35e-005	           8.13e-005	           -0.000112	            0.000543	            0.000132	           -0.000131	           -0.000309	
                 p89	           -0.000505	            0.000142	           -0.000436	           -0.000128	          -6.54e-006	           -0.000114	           -0.000293	            0.000309	            0.000653	           -0.000235	
                 p90	           -0.000306	           -0.000287	            0.000487	           -0.000221	           -0.000297	           -0.000773	            0.000708	            0.000521	           -0.000208	             0.00015	
                 p92	             0.00021	            0.000244	           -0.000383	              0.0005	           -0.000367	           -0.000237	            0.000388	           7.57e-006	           -0.000483	            0.000251	
                 p94	           2.12e-005	           4.01e-005	            0.000731	           3.33e-005	             -0.0001	            0.000148	            0.000732	            0.001120	            0.000341	            0.000222	
                 p95	           -0.000825	           -0.000772	              -0.002	           -0.000458	            -0.00142	            -0.00255	            -0.00123	           -0.000912	            -0.00225	           -0.000554	
                 p98	            0.000103	          -2.07e-005	            0.000205	          -5.34e-005	          -4.96e-005	            5.8e-005	           3.64e-005	           2.46e-005	          -1.77e-005	           5.77e-005	
                p100	           4.17e-005	          -2.62e-005	           -0.000317	          -3.07e-005	           7.29e-005	          -3.66e-005	           8.15e-005	           1.31e-005	          -2.92e-005	           3.71e-005	
                p101	          -3.45e-005	           -0.000105	           -0.000133	          -3.24e-006	          -2.39e-005	          -3.19e-005	           8.56e-005	           1.21e-005	          -2.01e-005	           4.27e-005	
                p102	          -1.58e-005	           3.33e-005	           8.55e-005	          -1.01e-005	          -1.09e-005	             -6e-005	            0.000195	            0.000161	            0.000346	           2.68e-005	
                p104	          -2.22e-005	            1.7e-005	           -0.000142	          -5.46e-006	          -2.66e-005	            7.1e-006	            4.9e-005	           5.27e-005	          -3.29e-005	          -1.16e-006	
                p106	          -3.31e-005	           8.93e-005	            0.000124	          -6.53e-006	           8.17e-005	           4.24e-005	            0.000106	           8.59e-005	           9.37e-005	          -1.96e-005	
                p107	            0.000406	            0.000214	            0.001985	            7.7e-005	            0.000211	          -2.93e-005	            0.000455	           6.92e-005	            0.000609	            0.000186	
                p110	          -2.73e-005	          -6.47e-005	           1.78e-005	          -6.04e-005	           9.04e-005	            0.000185	            -0.00011	          -5.13e-005	           -0.000202	           -0.000174	
                p112	            0.000227	           8.71e-005	            0.000679	           2.52e-005	             0.00035	             0.00021	            0.000326	            0.000143	            0.000288	          -7.66e-005	
                p113	            0.001633	            0.000608	            0.004072	            0.000143	            0.001711	            0.001779	            0.001814	            0.001761	            0.002429	          -4.64e-006	
                p114	            0.001524	            0.000737	            0.004611	          -6.92e-005	            0.001890	            0.001861	            0.002882	            0.002066	            0.002696	            0.000522	
                p116	            0.002009	            0.000608	            0.005477	            0.000105	            0.001986	            0.002078	            0.002952	            0.002010	            0.002625	           7.13e-005	
                p118	            0.001774	             0.00063	            0.003622	           4.56e-005	            0.002034	            0.001435	            0.003036	            0.001938	            0.002301	            0.000423	
                p119	            0.001986	            0.000647	            0.005370	            0.000161	            0.001812	            0.001566	            0.003007	            0.001852	            0.002021	            0.000339	
                p157	            0.001619	            0.000774	            0.004207	            0.000153	            0.001697	            0.001881	            0.002512	            0.002065	            0.002278	            0.000204	
                p160	            0.001942	            0.000643	            0.004363	            0.000122	            0.001740	            0.001766	            0.002688	            0.002047	            0.003332	            0.000365	
                p163	            0.001857	            0.000505	            0.004450	            0.000152	            0.001732	            0.001777	            0.002580	            0.002182	            0.003214	            0.000134	
                p166	            0.001749	            0.000678	            0.004217	            0.000153	            0.001727	            0.001673	            0.002643	            0.002029	            0.002728	            0.000236	
                p172	            0.002283	             0.00071	            0.004671	            0.000139	            0.001742	            0.001637	            0.002782	            0.001993	            0.003653	            0.000506	
                p173	            0.001823	            0.000664	            0.004314	            0.000152	            0.001743	            0.001744	            0.002579	            0.002030	            0.002917	            0.000342	
                p175	            0.002113	             0.00067	            0.004389	            0.000227	            0.001757	            0.001776	            0.002860	            0.001914	            0.002994	            0.000733	
                p178	            0.001630	            0.000803	            0.003636	            0.000506	            0.001549	            0.001315	            0.002044	            0.001271	            0.002284	             0.00023	
                p179	            0.001798	             0.00068	            0.004210	            0.000356	            0.001730	            0.001778	            0.002612	            0.001584	            0.002577	            0.000227	
                p181	            0.012012	           -0.000274	            0.004211	             0.00087	            0.004401	            0.000425	            0.010884	            0.004879	            0.003913	            0.015346	
                p182	            0.001294	             0.00062	            0.005004	            0.000219	            0.001539	            0.001604	            0.002493	            0.001887	            0.005337	            -0.00107	
                p184	            0.001741	            0.000656	            0.004105	           5.55e-005	            0.001617	            0.001899	            0.002315	            0.002418	            0.002942	           6.96e-005	
                p187	            0.002788	            0.000594	            0.006556	           -0.000709	            0.002097	            0.001799	            0.003245	            0.001597	            0.003986	            0.000927	
                p190	            0.001143	            0.000645	            0.004164	           5.23e-005	            0.001769	            0.001764	            0.002176	            0.001889	            0.002708	            -0.00156	
                p191	            0.001823	            0.000675	            0.004280	            0.000171	            0.001736	            0.001755	            0.002569	            0.002054	            0.002884	            0.000124	
                p193	            0.007506	            0.000746	            0.002418	            0.000277	            0.002427	            -0.00113	            0.004120	           -0.000689	            0.004437	            0.007355	
                p194	            0.002193	             0.00077	            0.004814	           4.49e-005	            0.001942	            0.001676	            0.002674	            0.001318	            0.003120	             0.00091	
                p213	            0.001063	            0.000478	            0.004037	          -3.84e-005	            0.001733	            0.000177	            0.002380	            0.001802	            0.001005	            0.000502	
                p214	            0.001729	            0.000501	            0.004665	           -6.2e-005	            0.001806	            0.001846	            0.002447	            0.001726	            0.003211	            0.000471	
                p215	           -0.000232	          -5.51e-005	            0.004700	           -0.000755	            0.001435	            0.002062	            0.001704	            0.000826	            0.001075	          -9.75e-006	
                p216	            0.276999	            0.281985	            0.222228	            0.258512	            0.271982	            0.334483	            0.253795	            0.248926	            0.260135	            0.261708	
                p218	            0.279740	            0.279944	            0.218953	            0.259467	            0.271848	            0.334788	            0.255222	            0.246577	            0.264264	            0.262779	
                p219	            0.276519	            0.279806	            0.220711	            0.259589	            0.267896	            0.336373	            0.253410	            0.244411	            0.262137	            0.260438	
                p220	            0.292655	            0.295160	            0.234864	            0.272017	            0.277429	            0.381369	            0.257432	            0.265637	            0.275709	            0.258185	
                p221	            0.380074	            0.415989	            0.248349	            0.336777	            0.342801	            0.563184	            0.277363	            0.349203	            0.393825	            0.320789	
                p222	            0.282934	            0.282841	            0.222336	            0.262626	            0.274336	            0.336691	            0.258114	            0.250491	            0.265039	            0.266252	
                p223	            0.300137	            0.294866	            0.231753	            0.269817	            0.294030	            0.345957	            0.273587	            0.261966	            0.268207	            0.282141	
                p224	            0.289919	            0.295695	            0.222730	            0.264953	            0.277993	            0.342340	            0.271354	            0.255585	            0.269597	            0.299167	
                p225	            0.423048	            0.394414	            0.430079	            0.423544	            0.441826	            0.391311	            0.478126	            0.397513	            0.397513	            0.425793	

Sobol total order Indexes
                    	             max2011	             max2012	             max2013	             max2014	             max2015	             max2016	             max2017	             max2018	             max2019	             max2020	
                 p47	           4.65e-006	          -1.27e-006	           9.63e-005	           7.95e-006	            2.9e-005	          -2.87e-006	          -7.77e-007	           5.67e-005	            1.9e-005	          -3.22e-006	
                 p72	          -3.36e-005	          -2.48e-005	           -0.000261	          -6.68e-005	          -6.09e-005	           -0.000411	           -0.000246	           -0.000156	           -0.000458	           -0.000111	
                 p74	           3.44e-006	           7.29e-005	            6.5e-005	           2.25e-005	           4.98e-005	           9.66e-005	           -0.000407	           3.23e-005	             0.00023	            0.000458	
                 p77	            0.001437	            0.000514	            0.007121	            0.000897	            0.001800	           -0.000793	            0.002996	            0.001182	            0.001187	            0.000875	
                 p83	           3.22e-005	           9.37e-006	          -3.45e-005	           1.08e-005	          -2.21e-005	          -9.97e-005	           -0.000218	           -0.000219	           -0.000222	          -4.45e-005	
                 p84	            0.000163	            0.000252	            0.000282	           2.29e-005	            0.000155	           8.67e-005	            0.000216	            0.000249	          -3.63e-005	             -6e-005	
                 p86	           -0.000224	           -0.000143	           -0.000789	           -0.000106	             0.00017	           3.67e-006	            0.000374	            -0.00026	           -0.000714	           -0.000377	
                 p89	           -0.000764	           -0.000174	           -0.000746	           -0.000153	           -0.000328	            0.000175	           -0.000809	           -0.000197	           -0.000996	           -0.000532	
                 p90	            0.000322	           -0.000124	            0.002116	          -1.38e-005	            0.000289	            0.000806	             0.00024	           8.56e-005	            0.000846	            0.000165	
                 p92	           -0.000383	           -0.000544	            0.000283	           -0.000421	            0.000143	           8.79e-005	           4.46e-005	            -0.00066	           -0.000323	           -0.000234	
                 p94	          -4.69e-005	           7.56e-005	            0.005783	           -0.000106	            0.000333	             0.00069	            0.000678	          -2.91e-005	            0.000518	           -2.2e-005	
                 p95	            0.000804	            0.000125	            0.008886	            0.000141	            0.001290	            0.000221	            0.002790	            0.000297	            0.001918	            0.000418	
                 p98	          -6.86e-005	           5.17e-006	           2.32e-005	           3.55e-005	            0.000157	            0.000179	          -1.43e-005	           3.32e-005	          -7.22e-005	           3.13e-006	
                p100	          -2.35e-005	           8.73e-005	            0.000421	           2.25e-005	           3.69e-005	           6.02e-005	          -5.87e-006	           6.89e-005	           -7.1e-005	          -3.64e-005	
                p101	           -0.000149	          -1.22e-005	           -0.000168	          -1.97e-005	          -1.29e-005	           -0.000111	          -4.24e-005	          -1.53e-005	           -0.000117	          -7.56e-005	
                p102	           1.22e-005	          -5.93e-005	          -6.95e-005	           3.25e-005	           6.48e-005	          -3.07e-005	           3.04e-005	           -1.6e-005	            0.000148	           8.85e-006	
                p104	            0.000112	           8.43e-006	            0.000263	           3.31e-005	          -2.06e-005	           9.43e-005	          -4.81e-005	            0.000166	            0.000424	            3.5e-005	
                p106	           -0.000116	           -0.000195	           -0.000939	          -6.03e-006	          -9.59e-005	          -3.14e-005	           -0.000312	          -9.78e-005	           -0.000208	          -4.97e-005	
                p107	            0.000129	            0.000132	            0.000614	           7.43e-005	             0.00018	            0.000369	            0.000293	            0.000184	            0.000462	           5.69e-005	
                p110	          -3.25e-005	          -7.88e-005	           6.19e-005	           1.49e-005	           -0.000147	           -0.000244	           -0.000165	           5.34e-005	           9.16e-005	            0.000129	
                p112	          -4.45e-005	           -0.000125	           -0.000193	          -1.47e-005	          -8.66e-005	            0.000191	           -0.000165	           -0.000189	            -0.00012	            0.000133	
                p113	            -0.00101	          -1.92e-005	            -0.00188	           -0.000257	           -0.000519	           -0.000765	           -0.000878	            -0.00159	            -0.00413	           -0.000466	
                p114	           -0.000696	           -0.000265	             -0.0017	           -0.000129	           -0.000575	            -0.00141	          -4.08e-006	            -0.00148	            -0.00348	           -0.000675	
                p116	           -0.000429	            0.000159	            -0.00303	            0.000116	            -0.00076	            -0.00113	            -0.00107	            -0.00162	            -0.00371	           -0.000195	
                p118	            -0.00198	           -0.000583	             -0.0037	            -0.00034	             -0.0016	            -0.00251	           -0.000917	             -0.0019	             -0.0057	            -0.00115	
                p119	           -0.000755	          -3.04e-005	            -0.00196	           -0.000186	           -0.000452	           -0.000639	           -0.000481	           -0.000868	            -0.00352	            0.000122	
                p157	             -0.0016	           -0.000234	            -0.00296	           -0.000269	             -0.0006	            -0.00133	           -0.000708	            -0.00176	            -0.00441	           -0.000653	
                p160	            -0.00128	           -0.000183	            -0.00282	           -0.000182	           -0.000535	            -0.00126	           -0.000542	            -0.00178	            -0.00489	           -0.000549	
                p163	            -0.00057	            0.000145	            -0.00273	           -0.000194	           -0.000459	           -0.000847	           -0.000276	            -0.00182	            -0.00429	          -5.42e-005	
                p166	            -0.00135	           -0.000175	            -0.00272	           -0.000177	           -0.000541	            -0.00105	           -0.000478	            -0.00177	            -0.00474	           -0.000528	
                p172	           -0.000888	           -0.000216	            -0.00241	          -7.02e-005	           -0.000383	           -0.000113	           -0.000347	            -0.00165	            -0.00419	           -0.000329	
                p173	             -0.0012	           -0.000143	            -0.00252	           -0.000183	           -0.000526	            -0.00106	           -0.000542	            -0.00176	            -0.00475	           -0.000438	
                p175	            -0.00195	           -0.000209	            -0.00241	           -0.000455	           -0.000334	            -0.00089	           -0.000495	             -0.0027	            -0.00463	            -0.00118	
                p178	            -0.00241	            0.000118	            -0.00383	            0.001040	           -0.000576	            -0.00118	           -0.000962	            -0.00398	            -0.00507	           -0.000798	
                p179	            -0.00127	           -0.000202	            -0.00257	           -0.000392	           -0.000514	             -0.0011	           -0.000521	            -0.00157	            -0.00446	           -0.000385	
                p181	            0.001903	            0.002572	            0.012762	            0.011922	           -0.000593	            0.001201	            0.005420	            0.001735	            0.005403	            0.010696	
                p182	            0.000162	           -0.000377	            -0.00305	            -0.00101	           -3.8e-005	            -0.00104	            -0.00034	            -0.00129	            -0.00419	            0.002258	
                p184	            -0.00139	           -0.000161	            -0.00289	          -4.97e-005	           -0.000347	            -0.00108	           -0.000752	            -0.00217	            -0.00481	           -0.000546	
                p187	            -0.00113	            -0.00029	            -0.00781	            0.001551	            -0.00084	             -0.0021	            -0.00124	             -0.0018	            -0.00627	           -0.000472	
                p190	            -0.00346	           -0.000258	            -0.00357	             -0.0012	            -0.00071	            -0.00145	            -0.00253	            -0.00209	            -0.00553	            -0.00338	
                p191	            -0.00126	           -0.000175	             -0.0025	           -0.000179	           -0.000534	            -0.00109	            -0.00057	            -0.00176	            -0.00465	           -0.000457	
                p193	            0.003661	            -0.00132	            0.002216	            -0.00208	            0.000377	           -0.000305	            0.004142	            -0.00254	            -0.00224	            0.005349	
                p194	            -0.00114	           -0.000145	            -0.00283	            0.000205	           -0.000671	            -0.00107	           -0.000609	           -0.000722	            -0.00393	           -0.000703	
                p213	            -0.00231	           -0.000393	            -0.00217	           -0.000439	           -0.000584	             -0.0023	           -0.000935	            -0.00186	            -0.00478	           -0.000434	
                p214	            -0.00175	            -0.00035	            -0.00221	           -0.000344	           -0.000486	            -0.00143	           -0.000606	            -0.00219	            -0.00433	           -0.000428	
                p215	            -0.00289	            -0.00193	           -0.000552	            -0.00161	           -0.000657	            -0.00331	            -0.00138	            -0.00285	             -0.0052	          -4.01e-005	
                p216	            0.003869	            0.005071	            0.005678	            0.007828	            0.003601	            0.006847	            0.003512	            0.002926	            0.002070	            0.003158	
                p218	            0.004994	            0.002418	            0.002704	            0.001818	            0.001118	            0.006287	            0.002568	            0.002668	            0.003896	            0.002292	
                p219	            0.005419	            0.005542	            0.003489	            0.003827	            0.002995	            0.010166	            0.003641	            0.011621	            0.004643	            0.004447	
                p220	            0.027200	            0.044426	            0.033327	            0.024918	            0.016060	            0.065113	            0.018908	            0.038901	            0.033421	            0.038645	
                p221	            0.298609	            0.320591	            0.293549	            0.298573	            0.291731	            0.363928	            0.246020	            0.304414	            0.351454	            0.247808	
                p222	            0.000812	            0.000336	            0.007214	            0.000789	            0.002325	            0.000816	            0.002030	            0.000803	            0.002553	            0.001856	
                p223	            0.009168	            0.004004	            0.015142	            0.004523	            0.013950	            0.005029	            0.010164	            0.005716	            0.013368	            0.009146	
                p224	            -0.00551	            -0.00742	            0.000689	            -0.00404	            -0.00319	            -0.00785	            0.000139	            -0.00907	            -0.00208	            0.004728	
                p225	             -0.0726	             -0.0781	             -0.0786	             -0.0573	             -0.0546	              -0.095	             -0.0272	              -0.103	             -0.0896	             -0.0359	
